50
14.36 8.22
15.58 7.1 0.9
10.26 6.08 1.7
17.54 14.12 0.4
20.3 10 0.1
16.92 5.3 2.7
15 13.3 2.8
21.2 7.74 1.9
12.92 4.68 0.5
12.48 13.52 0.3
15.98 9.44 2.0
10 12.3 0.7
8.64 8.46 0.8
11.46 8.84 1.8
18.58 11.9 2.5
19.6 6.06 2.4
19.16 9.3 2.9
15.4 3.26 1.6
6.38 8.36 0.2
12.94 11.76 2.3
13.32 6.24 1.4
10.35 9.72 0.2
9.34 11.23 1.2
6.83 10.12 0.1
11.37 14.58 1.1
21.16 12.61 0.7
16.82 10.9 0.3
14.46 9.94 0.4
11.17 7.58 0.5
7.46 4.74 1.6
10 4 1.4
9.68 14.15 0.7
8.63 12.68 0.2
8.85 7.13 1.9
18.41 8.2 1.5
21.4 16.34 0.3
15.39 14.89 1.1
5.56 6.11 0.8
3.49 2.8 0.1
14.84 1.52 1.0
22.47 4.26 0.7
7 14 2.1
4.07 11.65 1.0
4.09 8.65 0.7
22.79 10.1 1.2
20.79 13.87 0.5
9.43 2.56 1.1
13.36 3.05 0.9
10 16 0.2
6.6 12.19 0.3
5.03 4.43 2.0

20
10 20
10 20
10 20
10 20
10 20
10 20
10 20
10 20
10 20
10 20
10 20
10 20
10 20
10 20
10 20
10 20
10 20
10 20
10 20
10 20